3 5636
6 1769
4 3911
7 2259
2 8151
9 1631
4 3273
5 2069
9 1402
7 1441
6 1625
4 3538
6 2299
5 3466
5 3237
5 2154
9 1258
4 2720
4 3623
4 3394
3 3169
5 2684
9 1788
5 2046
6 2011
3 4337
4 2841
7 2092
6 2276
4 4418
2 7755
9 1235
7 1454
4 4009
8 1419
7 2357
3 5770
8 1684
5 3070
2 7611
8 1275
2 8285
5 2432
3 3820
4 3901
8 2214
2 5023
3 4988
4 3492
6 1615
5 2553
9 1886
9 1513
3 4700
4 2301
5 2000
7 1552
9 1104
6 2639
8 2191
4 2566
4 3240
8 1782
7 1817
3 4327
8 1144
2 8154
5 3433
3 4821
2 5759
2 5530
4 3096
3 3280
2 5121
3 4857
9 1490
4 4264
7 1529
7 1300
2 4977
9 1755
2 5880
4 2314
2 6554
7 1565
4 2808
8 2024
6 2243
6 1834
9 1202
8 1386
9 1876
7 1686
4 4241
5 3037
2 7578
5 2808
2 5363
3 5328
3 5099
9 1732
3 4690
6 1726
3 4281
3 4955
4 3459
5 3158
3 4546
6 2894
8 1134
3 3908
4 2412
2 5749
3 5714
3 3499
8 1399
4 2677
9 1709
7 1928
3 4438
2 8494
8 1484
3 4029
6 2377
5 3315
2 5641
9 1336
6 2642
6 1559
8 2014
6 2233
3 4788
4 2389
7 1640
6 1824
8 1376
5 2762
6 1595
2 7977
8 1870
5 2124
7 1676
6 2089
6 2763
5 2618
9 1722
4 2510
9 1313
6 1716
5 2883
8 2171
2 5883
5 2245
9 1578
5 3148
2 7689
6 2884
2 6377
7 1388
6 1572
5 2510
6 2475
9 1843
3 5704
6 2066
4 4208
5 3004
4 3979
4 3570
6 2102
3 5560
7 1509
8 1474
3 3116
4 3426
5 2222
9 1820
8 2004
4 4365
4 3282
7 1630
5 1849
2 6390
8 1366
4 3547
3 3731
3 5717
6 2079
2 7558
7 2569
9 1038
8 1222
2 7149
5 3511
6 2838
6 1526
3 5838
4 3439
2 4790
8 1752
5 1826
9 1159
2 6367
7 1378
6 1562
9 1833
2 7041
3 3708
4 3295
3 5694
7 1643
4 4198
3 4382
2 7306
2 8438
3 5056
7 2137
3 4647
7 2402
5 2621
9 1954
3 5141
9 1545
4 4090
5 2886
2 8330
4 3681
7 2258
5 2477
7 2029
8 1994
4 3272
5 2068
8 1585
9 1172
2 7283
8 1176
4 4211
3 4395
6 2972
7 2379
9 1931
8 2115
2 8042
2 7813
5 2189
8 1706
8 1477
4 4067
7 2415
4 2755
3 3842
6 2419
2 8981
4 3020
8 1562
6 1781
9 1149
3 5010
2 5948
4 3514
7 1862
8 1598
3 4372
2 6213
9 1908
4 3550
2 7116
6 2311
8 1863
5 3249
9 1270
6 1902
5 2202
7 1574
9 1126
8 1310
8 1984
4 2359
7 1839
2 8814
6 2023
5 2058
2 7502
5 2732
6 2697
4 2853
8 1166
2 5961
7 2104
5 3226
9 1247
5 2588
4 2480
3 3567
6 2818
8 1287
2 8297
2 6082
5 3347
2 8791
6 1771
2 6841
5 2974
7 2117
8 2082
2 4891
4 2457
3 5759
5 2156
3 3315
4 4034
6 2795
9 1754
3 5795
5 2192
5 3324
2 6733
4 3396
7 1564
4 2987
9 1116
2 6324
3 5386
6 2651
2 7227
8 2203
5 3589
5 2277
2 8804
2 6589
5 2951
2 7492
6 2687
7 1420
8 1156
5 2542
5 2313
4 4011
7 2359
5 3481
5 2398
7 1721
8 1686
6 2808
6 1725
7 1312
9 1996
7 2215
3 4051
6 2399
7 1806
7 1577
8 1133
7 2071
7 1842
6 2929
3 4172
7 2336
8 2072
3 3534
7 1698
9 1479
4 3615
7 1963
5 3085
9 1335
3 4293
8 1290
2 5231
6 2641
8 2193
2 7891
5 2267
9 1600
4 4374
6 2003
3 5232
3 3017
2 6170
8 1146
5 2532
3 3920
7 2084
4 2424
2 7747
9 1456
2 5532
6 1859
9 1721
9 1492
3 3138
9 1083
7 2205
8 2170
5 3556
9 1757
5 3327
5 2244
7 1796
8 1761
9 1348
4 3219
8 1532
6 2883
2 7459
6 1571
8 1388
6 1607
3 4162
6 2510
9 1878
8 2062
3 5739
6 2101
9 1469
5 3039
6 1692
8 1918
7 1773
7 1544
8 1509
7 2447
9 1999
8 2183
2 5895
3 5860
6 1993
3 3236
5 2522
2 7063
4 2414
9 1446
6 1849
2 7328
3 5572
2 6281
7 1786
8 1751
3 5199
6 2464
3 5873
2 5728
5 2090
8 1607
8 1378
9 1688
5 2126
9 1459
6 2994
7 1498
4 3824
6 2585
3 4008
3 4682
3 3370
2 7426
3 4947
4 2548
2 4573
5 1838
5 2741
6 2477
4 2633
9 1845
7 1884
8 1620
6 2971
7 2558
2 5332
2 6006
4 3572
9 1701
2 7812
6 1924
2 6500
8 1476
4 4066
2 7403
9 1966
3 5827
5 2224
4 3428
5 1815
7 1367
6 1551
6 2454
7 2041
2 5044
2 4815
3 4780
4 4367
9 1413
6 2045
9 1184
2 5574
4 3140
7 2391
5 2610
9 1943
2 7151
9 1534
2 6742
5 1972
2 6513
5 2875
3 5840
7 2018
3 5431
5 1828
9 1161
6 1793
7 1609
6 2696
7 2283
2 5057
9 1655
2 6225
5 2587
3 3975
4 3562
7 2139
2 4913
4 2479
9 1691
4 2250
2 7802
4 2744
2 8067
2 5852
5 2214
9 1547
8 1731
5 3117
5 1805
9 1138
6 1541
8 1996
3 5673
7 1851
3 3458
4 4177
3 4361
7 2525
9 1668
7 1887
6 2974
2 7550
9 1259
9 1030
6 2565
3 3988
9 1933
5 2191
2 8718
4 2986
6 1518
2 6094
3 3844
6 2192
2 7900
4 3251
9 1380
2 8574
8 1564
8 2238
4 2613
3 3700
4 3287
2 8839
3 4374
2 8430
6 2313
2 5806
7 2394
5 3516
9 1766
5 2204
4 4311
3 3183
3 3677
9 1887
7 2106
3 3942
6 2290
9 1658
8 1842
5 3228
2 7769
9 1249
8 1433
5 2819
7 2371
5 2590
6 2555
2 8034
7 1733
5 3084
7 1324
2 6313
8 1289
4 2338
4 3241
2 6578
2 8564
8 1145
3 5905
6 2267
9 1226
3 3955
8 2084
9 1491
2 6699
9 1262
6 1894
5 2832
3 4220
4 2315
2 5652
5 2014
9 1347
6 1750
4 3892
2 7229
4 3483
3 5882
2 8806
5 3182
8 1796
4 4157
5 2953
9 1383
3 3932
8 2061
4 2436
4 3110
9 1239
8 1423
6 2774
6 2545
3 5100
4 3604
3 3788
4 3375
9 1504
5 3074
4 2966
2 8289
5 3568
9 1360
2 6568
8 1544
6 1992
3 3415
6 2666
3 3006
2 8145
7 2073
5 2292
3 3945
2 4883
5 3460
9 1481
7 1700
8 1665
9 1072
4 2714
3 4030
8 2159
6 2378
7 1965
9 1746
4 2305
9 1337
7 1556
2 8796
6 2005
8 1148
8 2051
5 1896
5 3028
4 4003
2 7340
9 1723
6 2355
4 4497
9 1494
4 2282
5 3064
4 2547
5 3329
4 3221
7 1798
9 1350
2 8773
2 6149
5 2511
2 4837
3 4802
4 4389
3 4573
4 3077
7 1654
5 2776
6 2741
2 5102
6 2512
9 1700
5 2138
6 2103
8 1655
9 1965
3 3791
8 1920
7 1546
8 1511
4 4101
2 5897
9 1592
8 1776
5 3162
5 1850
6 1815
8 1367
2 7294
4 3728
7 2305
2 7065
9 1448
4 2681
4 3584
7 2161
2 4706
5 3283
9 1075
7 2426
8 2162
7 2017
2 8992
6 1972
5 1827
3 4792
5 3175
9 1425
4 3067
3 5960
7 1909
4 4464
3 5731
3 3107
5 2622
9 1955
6 2587
5 3525
3 4913
4 3417
5 2213
9 1546
4 4091
6 2623
3 5178
6 1540
9 1582
5 3152
9 1173
7 1392
8 1357
4 3718
7 2295
9 1847
8 1851
5 3008
6 2973
8 1213
3 3758
4 4477
4 2262
7 1742
7 1513
5 2864
4 3839
2 7405
9 1968
7 1778
8 1334
8 2237
5 3394
2 7935
3 3470
6 2047
2 8609
5 2347
8 1864
9 1271
8 1455
6 1674
2 6250
9 1945
6 2577
3 4000
9 1536
7 1755
2 8730
5 3106
9 1307
2 6515
3 3591
6 2168
4 2769
8 1311
5 2468
6 2433
9 1392
2 6600
8 1576
2 5059
5 2324
2 6865
8 1841
6 2060
3 3303
6 1651
8 1203
6 2554
7 2141
9 1922
4 4467
5 3263
5 2180
5 1951
4 4058
7 2406
6 2590
9 1778
5 2216
3 5410
2 8563
9 1140
6 1543
8 2227
6 2446
9 1814
8 1998
3 3460
3 5266
5 2566
2 5975
4 3541
8 2083
6 2302
4 4444
8 1854
3 4628
5 1928
8 1445
4 4035
8 2119
7 1974
9 1526
2 6734
2 5422
9 1117
4 2759
2 6325
4 2350
9 1382
7 1601
8 1566
3 4340
4 3927
2 6361
6 2688
4 3518
2 6855
5 2988
3 5279
8 1193
5 2579
9 1912
3 4870
4 3374
6 2135
4 3145
8 1458
6 2809
2 7385
3 3149
7 1313
2 5170
7 2216
5 2435
5 3109
5 2026
9 1130
5 2700
3 4088
6 2436
9 1624
5 2062
2 7506
3 3944
4 3531
5 3230
6 1883
5 2821
2 5147
5 3495
2 6050
5 2412
3 5786
5 2183
3 3571
9 1516
8 1700
4 2978
6 1510
2 7218
8 2194
5 2448
4 2569
6 2413
4 3652
4 2340
7 1820
3 3427
8 1556
5 2942
6 1775
7 2085
2 4859
3 4595
6 2943
7 1447
9 1902
4 2461
4 3364
2 8916
6 2125
9 1493
6 2390
2 6966
3 4716
2 7869
6 1981
3 5390
8 1533
7 2471
5 2690
3 4078
2 5245
4 3894
5 3593
7 2062
9 1614
3 4572
4 2847
8 1389
7 1424
6 1608
8 2063
4 2438
9 1470
7 1954
5 3305
2 4728
8 1510
9 1097
8 1281
9 2000
9 1591
5 2029
7 2484
6 1585
2 4849
2 6835
7 1437
4 2680
5 3462
9 1483
2 7594
7 1522
8 1258
7 1787
2 8762
9 1339
8 1523
4 3884
8 2197
2 6138
7 1823
3 4562
2 8618
5 1862
3 5236
9 1195
5 3439
4 3331
3 3515
7 1679
9 1051
3 5092
3 5995
8 1909
2 7607
9 1316
9 1087
6 1719
6 2622
2 4983
4 2549
5 3560
3 5622
8 1765
5 1839
7 1391
5 2513
6 2478
7 2065
6 2249
3 4804
4 4391
5 3187
7 1656
9 1208
6 1840
2 6007
8 1886
9 1473
2 6681
2 8896
8 1248
6 2864
7 2451
2 5225
4 2791
5 3573
6 2226
9 1594
2 4587
3 5455
2 8608
5 1852
6 1588
8 2043
5 2117
7 1669
8 1634
4 2912
6 1673
8 1225
5 2382
6 2347
9 1715
3 5576
7 1525
2 6514
9 1980
8 1755
2 6141
5 2503
7 2055
4 2395
3 5468
7 1646
5 2997
6 1830
4 3972
6 2324
7 1911
3 5553
9 1283
8 1238
7 2176
9 1548
8 1732
3 4506
8 1503
2 6527
3 5180
6 1542
9 1813
7 2032
9 1584
2 7924
2 5480
6 1807
7 2526
5 2745
4 2637
2 7960
8 1853
6 2072
5 3010
3 5301
9 1031
8 1215
7 2153
4 2264
3 3580
2 4518
9 1296
8 1480
3 4254
9 1790
8 1974
6 2193
8 1745
4 3023
7 1600
6 1784
7 1371
3 4110
3 5013
4 2385
4 3288
3 3472
7 1636
8 1601
9 1417
3 4375
7 2539
6 2314
2 4904
8 1866
6 2988
3 5314
4 4047
4 3818
6 2579
8 2131
3 4905
9 1538
7 1757
8 1722
6 1941
4 4083
5 2879
2 7420
3 3184
8 1313
6 2435
7 2022
6 1797
7 2516
2 5290
6 2700
8 1169
7 2107
9 1659
6 2291
5 3229
2 7770
8 1434
6 1653
8 1205
5 3494
2 4917
2 5820
2 5411
2 8300
4 3651
5 2447
7 1999
3 5821
9 1551
6 1774
7 2493
5 2712
5 2303
3 5677
5 2074
7 2529
8 1182
9 1901
5 2339
9 1672
8 1856
9 1263
3 3318
8 1447
7 1482
6 2798
7 2385
2 5159
3 5124
9 1528
2 8542
9 1119
6 1522
4 3664
8 2206
3 3848
7 1832
5 2051
2 8578
5 2954
8 1568
2 6183
4 2617
7 2097
9 1649
2 6857
2 4642
4 3111
5 1907
9 1240
3 5281
6 2546
4 2473
7 1724
3 4463
9 1096
7 1315
8 1280
7 2218
6 2402
7 1989
3 5631
3 5402
7 2483
2 5257
7 2254
3 4993
5 2293
2 4619
8 1401
5 2558
6 2523
3 4849
7 1701
5 1920
7 1292
2 6052
5 2414
5 2185
9 1518
2 6726
4 4292
9 1109
2 6317
5 2679
6 2644
9 1783
5 3353
4 2342
2 5679
4 3245
3 5644
4 4148
5 2944
5 2306
7 1678
9 1230
8 1414
4 3775
4 2463
5 2162
3 3550
7 1714
4 2957
2 8509
8 1270
4 3631
8 1944
5 3330
2 6559
2 7462
3 5212
6 2248
4 3078
3 5477
3 3262
6 1610
9 1881
4 3343
3 5513
5 3042
4 2705
5 2404
7 1956
6 2140
3 4695
9 1328
8 1283
4 3464
3 4322
2 6163
9 1629
2 4851
6 1852
3 5081
9 1714
9 1485
4 4259
9 1076
9 1750
6 2382
5 3320
5 2008
6 1973
2 6549
6 2876
6 1564
4 2574
4 3706
9 1835
6 2238
2 6814
4 4380
9 1606
2 8391
9 1462
8 2140
9 1727
6 2359
5 3297
4 2286
3 3373
2 6526
5 2659
6 2624
4 2780
5 3562
2 5888
7 2031
4 3454
8 1767
6 2889
9 1174
3 4132
7 2067
8 2032
2 7730
7 1658
5 1877
5 3009
8 1623
3 3085
4 3575
2 6912
8 1888
5 3274
5 3045
2 5371
8 2153
6 2372
2 5865
8 1744
8 1515
7 1370
4 3467
8 2009
5 3395
6 2228
4 4370
5 2083
7 1406
4 3961
5 2757
6 2722
5 2348
5 2119
6 2084
9 1452
8 1636
3 4410
2 5348
7 1491
2 8466
8 1227
7 2165
5 2384
8 1901
5 3287
4 2276
6 1940
5 2878
7 2430
2 5878
2 8996
9 1573
6 2205
4 4347
3 5205
8 1348
5 2734
3 4122
7 2286
3 5699
7 1877
6 2061
2 6637
5 2096
4 3974
6 2735
9 1020
8 1204
3 5964
9 1694
3 5555
6 1917
7 1504
8 1469
5 2855
6 1688
2 7167
5 2217
7 1769
5 3120
4 4095
5 2891
3 5411
9 1141
2 8335
7 2263
4 3686
9 1815
8 1999
5 3385
2 5711
2 7697
3 5447
3 3232
2 6385
3 5038
8 1855
9 1442
3 4629
2 7782
4 3807
9 1936
6 2568
4 2495
8 1711
4 4072
7 2420
4 3663
9 1792
5 3362
8 1747
7 1373
8 1338
2 7036
5 3398
4 2387
2 5953
3 3474
2 6627
3 4377
6 2725
7 1458
9 1010
6 1642
4 3784
3 3968
8 2097
5 2351
4 4458
2 5809
3 4642
5 1942
8 1459
3 5136
9 1540
6 2172
4 3002
3 4089
7 2253
9 1805
7 1844
2 8819
7 1615
5 2966
6 1799
4 3941
2 5063
4 2629
3 5028
6 2293
3 4619
5 1919
2 6460
2 6231
6 2558
5 2184
8 1701
5 3087
6 1920
4 2750
8 1292
3 4511
2 5678
5 2040
6 1776
9 1144
8 1328
2 5040
4 3509
5 2979
2 7520
4 3774
9 1903
3 5944
8 2087
5 3473
4 2462
3 4632
7 1713
4 3136
8 1678
9 1265
6 2800
6 2571
7 1304
2 6064
9 1759
8 1943
8 1714
7 1569
7 1340
3 4079
2 7232
2 5017
8 1799
2 6594
4 4160
5 2956
8 1161
3 5921
5 2318
7 2099
7 1690
7 1461
4 2704
2 8930
6 2139
9 1507
2 7389
3 5139
7 2220
9 1772
6 2404
5 2030
3 5404
2 6342
4 3499
6 2260
4 4402
5 3198
6 2934
6 1622
3 3045
7 2112
2 4886
5 2151
9 1484
2 6692
2 8907
4 2717
7 2462
9 1605
3 3431
2 6584
9 1376
7 1415
4 3741
5 2537
9 1870
8 2054
2 5766
5 1899
9 1726
2 6705
4 4271
3 4455
2 8511
9 1991
2 7199
4 3633
8 1946
6 1576
5 3597
8 1128
3 3902
8 2031
8 1802
3 3264
7 1428
9 1883
2 4876
3 4841
2 5779
7 1922
3 5744
5 2141
4 4019
4 2707
3 4023
2 4961
6 2371
9 1739
2 7850
5 2900
9 1101
3 4059
5 3574
4 3466
7 1814
3 4553
4 4140
8 1370
5 2527
9 1860
5 3430
6 2263
5 3201
2 7742
5 2118
4 3093
3 4409
8 1406
7 1935
2 5612
2 7598
4 3852
5 2648
6 2384
2 4974
2 5648
2 8766
7 1382
7 2056
4 3479
6 2240
4 3070
3 5469
3 3254
8 1383
5 3443
6 2096
8 1648
2 7575
7 1503
3 3110
9 1958
9 1729
4 2288
7 1804
6 2891
9 1176
2 8370
3 4134
7 2298
2 7058
8 2034
5 3420
7 1889
3 4399
9 1032
4 2674
7 2154
6 2338
4 4480
5 3276
8 1252
6 2603
7 2190
4 2530
5 2229
9 1562
9 1333
5 2903
6 1556
6 2230
5 3397
5 3168
3 5688
4 3060
7 1637
2 5314
3 5953
5 2350
6 2086
3 4641
4 2916
8 1229
6 2580
7 2167
8 2132
5 3518
3 5989
4 4493
7 1758
9 1310
9 1804
4 3446
9 1575
3 5436
5 1833
8 1350
4 3711
9 1840
4 2399
8 1844
9 1431
7 2553
9 1022
3 3077
8 1206
2 6904
4 3832
5 2628
3 5148
7 2000
9 1552
3 3607
5 3122
3 5413
9 1143
5 2713
6 1546
5 2484
3 3872
2 5713
8 1592
9 1179
3 4366
6 1811
5 2978
3 4137
3 3054
3 3728
8 1857
9 1264
2 8458
6 1667
7 2157
2 8049
2 7820
2 6737
7 1748
4 3171
7 2013
5 3364
5 2052
2 5461
8 1569
6 2691
8 2243
3 5017
4 2618
9 1650
2 8844
6 2053
2 6629
2 5546
7 2543
9 1012
3 5956
9 1686
3 4873
5 3485
5 3256
2 5582
5 1944
9 1277
7 1496
6 2812
2 6076
3 5812
5 1800
2 8556
3 3188
2 7244
2 5932
3 4765
9 1398
6 2933
2 6197
8 2076
4 4437
3 4621
6 2969
7 1702
2 6462
4 4028
2 7365
5 2595
5 3089
4 4064
5 2860
6 2825
8 1294
7 2232
9 1784
8 1968
5 3354
2 4777
6 2007
9 1375
5 1813
5 2716
8 1150
9 1640
2 4633
9 1002
9 1905
7 2124
8 2089
2 7113
4 3138
2 8690
9 1267
8 1945
5 3102
9 1123
3 4081
3 3672
7 1836
8 1801
6 2923
8 1163
9 1653
8 1837
4 3115
9 1244
3 5105
4 3380
2 7620
8 1284
5 2670
6 1503
2 7211
9 1774
5 3344
9 1365
2 7476
7 2078
8 1814
2 7741
5 1888
5 2562
7 1934
4 3357
3 3541
2 6694
8 1670
6 1889
4 4260
4 4031
2 6056
7 1970
8 1935
2 6959
4 3213
5 2009
9 1342
6 1745
9 1113
4 3887
5 2683
3 4071
8 2200
4 3478
6 2239
5 3177
6 2913
7 1417
8 1382
3 3024
5 2539
3 3927
5 3442
5 2130
9 1234
8 1418
5 2804
2 5130
4 3599
3 5998
9 1728
8 1912
3 4457
4 2961
7 1538
2 6972
4 3226
5 2925
6 2661
8 1130
7 2068
3 3675
4 2408
8 1804
5 3190
2 5745
2 7731
9 1620
6 2252
2 4613
9 1211
6 2108
2 6684
5 3046
2 7587
9 1067
4 2709
9 1970
8 1925
8 1781
2 5493
3 5458
3 3243
4 2830
5 2758
3 4146
8 1143
4 3733
3 3917
6 1591
4 2421
5 2120
4 4227
4 2915
6 2350
5 1976
7 1528
2 8503
8 1493
9 1983
6 2615
8 2167
2 6782
7 1793
3 4532
5 2915
2 5241
8 1349
7 2287
4 3710
9 1430
2 8624
4 3975
8 1385
6 2507
2 8215
4 3337
9 1466
2 5591
9 1057
6 1689
2 8251
2 4953
4 2290
7 1770
8 1735
3 3377
5 2892
6 2857
2 5218
5 2483
8 2000
9 1587
4 4361
2 5483
4 3049
2 8601
5 1845
7 1626
5 2748
7 2300
5 2519
9 1852
3 5713
5 2110
4 4217
6 2749
8 1218
2 8228
9 1708
4 4482
5 3278
8 1892
3 5569
7 1747
9 1299
7 1518
5 2869
4 2761
6 2870
7 1374
6 1558
2 5051
2 4822
4 2388
5 3399
4 3062
4 4194
3 4378
2 5316
6 2726
3 3066
5 3026
6 2991
2 7567
9 1047
8 2134
4 3183
2 4534
9 1312
2 7423
3 5173
2 8326
4 2774
2 9000
9 1577
6 2209
2 7917
3 4764
2 6785
7 1616
9 1168
7 2519
6 2474
4 2630
2 8182
7 1881
4 3304
2 8856
5 3003
6 2968
8 1208
3 3982
9 1927
7 2146
9 1698
2 5594
4 3160
6 1921
2 6497
7 1508
3 4247
2 7171
4 2751
4 3654
5 2450
8 1967
2 8977
6 2186
3 5415
9 1145
7 1364
6 1548
9 1819
6 2451
4 2378
7 1858
2 8833
4 3955
4 2872
9 1675
4 4449
4 3137
3 5536
9 1037
3 4224
5 2607
4 2499
8 1715
4 4305
4 2993
3 5392
6 2428
9 1796
2 8990
2 4789
3 5657
5 2054
9 1158
4 3523
4 4426
8 1836
5 2993
4 2885
7 1462
9 1014
7 2365
2 4910
5 2175
7 1727
8 1692
8 1463
4 4053
6 1502
2 6078
6 2405
3 5814
4 3415
5 3343
4 2332
5 2211
2 5440
3 5405
9 1135
5 2705
6 2670
6 2441
2 8149
5 3379
3 4767
3 3455
2 6608
4 4174
6 2706
6 1623
4 3765
8 1175
9 1665
5 3235
2 5561
5 1923
8 1440
6 2562
5 3500
2 4743
2 6729
8 1705
3 4479
4 2983
3 5382
2 5008
9 1786
5 2044
3 3432
7 1596
6 1780
3 3023
6 2274
7 1861
2 5538
5 1900
2 8427
5 2803
4 3778
3 3962
3 5768
5 2165
9 1498
6 2804
4 2731
7 2211
7 1982
2 4756
9 1354
3 3180
6 1757
8 1309
6 2660
7 2247
2 5021
2 5924
3 5889
7 1838
5 2057
2 4612
3 3265
7 1429
2 6189
6 2287
3 5516
8 1430
5 2816
6 2552
7 1285
2 8260
9 1740
4 3382
8 1924
6 2143
7 1959
8 1695
5 3081
7 1550
6 2637
6 2408
2 6984
4 2564
9 1367
6 1999
2 5937
7 2080
3 3687
4 4406
9 1223
7 1442
5 2793
4 3768
9 1488
7 1707
4 4262
8 1672
3 3134
3 5120
9 1344
8 1528
7 2466
6 2650
3 4073
4 2577
7 2057
9 1609
2 8803
2 4602
6 2012
3 4567
5 2950
2 7491
7 1419
9 1874
9 1465
7 1684
2 6444
2 5132
8 1240
6 2362
2 8924
6 2133
9 1321
7 1540
3 4050
9 1586
9 1357
3 4544
8 1541
4 4131
7 2070
2 7059
4 2410
9 1213
6 2519
3 5748
8 1891
6 2110
9 1069
3 4027
8 1927
5 3313
4 3205
7 1553
4 2796
5 2495
8 2012
6 2231
4 3061
6 1822
3 3245
8 1374
9 1864
2 4857
2 6663
8 1639
6 2990
5 1978
9 1082
8 2169
4 2544
2 7458
4 3038
2 5243
4 2809
9 1841
2 4834
4 2400
3 5702
4 3074
8 1387
5 2773
4 2665
4 3568
9 1697
7 1916
8 1881
3 4655
2 7808
5 3038
4 3159
9 1059
8 1243
4 3424
7 1772
3 3379
2 6532
6 1956
7 2446
2 8338
6 1547
3 3873
9 1818
2 7026
2 4811
5 1847
7 2531
8 1858
3 3500
6 2077
5 2112
7 2567
4 2907
8 1220
9 1710
2 6918
5 3280
7 1520
8 1485
7 2423
4 3846
5 2642
4 2763
5 3545
4 3437
2 6365
7 2279
8 2244
6 2463
3 4789
4 3293
2 7533
4 2884
2 7304
7 2135
2 4909
7 1906
4 4461
8 1871
6 2319
3 5548
8 1462
5 2848
2 8472
2 4945
8 1727
7 2256
6 2440
9 1399
7 1618
5 1837
3 5934
6 2296
7 1883
7 1474
2 8449
8 1439
9 1026
3 5970
7 2148
4 4474
2 7811
5 1958
6 1514
2 6993
9 1556
5 3126
4 3018
5 1814
9 1147
8 1331
3 3696
6 2044
9 1412
7 1631
4 2874
3 3058
3 3961
5 2344
6 2309
2 6885
4 4451
2 5573
4 4042
6 2574
5 2200
3 3588
6 2165
7 1343
8 2211
4 2357
5 2959
6 2286
4 4428
6 2057
9 1245
8 1429
2 7127
9 1510
3 3565
9 1281
3 4239
6 1504
7 1994
